"F3D0","F3D1","F3D2","F3D3","F3D5","F3D6","F3D7","F3D8","F3D9"
"F3D0",0,0.647883365190016,0.630418282372562,0.723394232205811,0.602932320240988,0.637759388429633,0.701128322109548,0.603057561009723,0.618387545776521
"F3D1",0.647883365190016,0,0.593015443212236,0.712568707538266,0.592147473793231,0.632488523337129,0.700690096957139,0.578694607537852,0.622938531795917
"F3D2",0.630418282372562,0.593015443212236,0,0.661001927205844,0.595809345547152,0.58005272524628,0.672088640695237,0.591583210786106,0.606237202714164
"F3D3",0.723394232205811,0.712568707538266,0.661001927205844,0,0.64371863062279,0.647772388434494,0.576652458422459,0.674419199132345,0.681286898065313
"F3D5",0.602932320240988,0.592147473793231,0.595809345547152,0.64371863062279,0,0.536599450691435,0.615260882758054,0.517435289427466,0.538775254020664
"F3D6",0.637759388429633,0.632488523337129,0.58005272524628,0.647772388434494,0.536599450691435,0,0.594730435139221,0.538843342059629,0.481218067668953
"F3D7",0.701128322109548,0.700690096957139,0.672088640695237,0.576652458422459,0.615260882758054,0.594730435139221,0,0.602270050291429,0.627385032259118
"F3D8",0.603057561009723,0.578694607537852,0.591583210786106,0.674419199132345,0.517435289427466,0.538843342059629,0.602270050291429,0,0.442542270742091
"F3D9",0.618387545776521,0.622938531795917,0.606237202714164,0.681286898065313,0.538775254020664,0.481218067668953,0.627385032259118,0.442542270742091,0
